			MINCONFLICTS RESULTS
T: Time, C: number of Constraint checks, A: number of Assignments
avg: average
-------------------------------------------------------			
kenken 3
T	1)	0.0005370000000000028
	2)	0.0006610000000000019
	3)	0.0010480000000000003
	4)	0.0014219999999999997
	5)	0.0006530000000000008
	avg)	0.0008642000000000011
	
C	1)	90
	2)	90
	3)	90
	4)	186
	5)	90
	avg)	109.2

A	1)	9
	2)	9
	3)	9
	4)	11
	5)	9
	avg)	9.4
-------------------------------------------------------
kenken 3 b
T	1)	0.0028830000000000036
	2)	0.0018900000000000028
	3)	0.0006530000000000008
	4)	0.0021000000000000046
	5)	0.0013729999999999992
	avg)	0.0017798000000000022
	
C	1)	474
	2)	282
	3)	90
	4)	330
	5)	90
	avg)	253.2
	
A	1)	17
	2)	13
	3)	9
	4)	14
	5)	9
	avg)	12.4
-------------------------------------------------------
kenken 4 a
T	1)	0.004005000000000002
	2)	0.002463999999999994
	3)	0.005473999999999993
	4)	0.0025379999999999986
	5)	0.014982999999999996
	avg)	0.005892799999999997
	
C	1)	528
	2)	288
	3)	648
	4)	288
	5)	1848
	avg)	720.0
	
A	1)	18
	2)	16
	3)	19
	4)	16
	5)	29
	avg)	19.6
-------------------------------------------------------
kenken 4 b
T	1)	0.006855
	2)	0.0037639999999999896
	3)	0.011845000000000008
	4)	0.013602000000000003
	5)	0.007335999999999995
	avg)	0.0086804

C	1)	1008
	2)	408
	3)	1368
	4)	1608
	5)	408
	avg)	960.0
	
A	1)	22
	2)	17
	3)	25
	4)	27
	5)	17
	avg)	21.6
-------------------------------------------------------
kenken 5
T	1)	0.01815
	2)	0.024140999999999996
	3)	0.024346000000000007
	4)	0.03669900000000001
	5)	0.06228700000000001
	avg)	0.033124600000000004

C	1)	2380
	2)	2140
	3)	2140
	4)	3340
	5)	5980
	avg)	3196.0
	
A	1)	32
	2)	31
	3)	31
	4)	36
	5)	47
	avg)	35.4
-------------------------------------------------------
kenken 6
T	1)	0.023517999999999983
	2)	0.0491100000000001
	3)	0.031677000000000066
	4)	0.03141399999999994
	5)	0.02012500000000006
	avg)	0.03116880000000003
	
C	1)	2280
	2)	3540
	3)	2280
	4)	2280
	5)	1440
	avg)	2364.0

A	1)	38
	2)	41
	3)	38
	4)	38
	5)	36
	avg)	38.2
-------------------------------------------------------
kenken 6 b
T	1)	0.03569
	2)	0.05894999999999995
	3)	0.10064200000000001
	4)	0.04216299999999995
	5)	0.05675500000000011
	avg)	0.05884
	
C	1)	2700
	2)	4380
	3)	7320
	4)	3120
	5)	4380
	avg)	4380.0

A	1)	39
	2)	43
	3)	50
	4)	40
	5)	43
	avg)	45.0
-------------------------------------------------------
kenken 7
T	1)	0.20880300000000007
	2)	0.06744200000000022
	3)	0.2742720000000003
	4)	0.18735999999999997
	5)	0.34189599999999976
	avg)	0.21595460000000005

C	1)	16758
	2)	3990
	3)	16086
	4)	10710
	5)	20118
	avg)	13532.4

A	1)	70
	2)	51
	3)	69
	4)	61
	5)	75
	avg)	65.2
-------------------------------------------------------
kenken 7 b
T	1)	0.06701799999999913
	2)	0.13212899999999905
	3)	0.11596099999999865
	4)	0.1347100000000001
	5)	0.038275999999999755
	avg)	0.09761879999999934

C	1)	3990
	2)	7350
	3)	6678
	4)	8694
	5)	2646
	avg)	5871.6

A	1)	51
	2)	56
	3)	55
	4)	58
	5)	49
	avg)	53.8
-------------------------------------------------------
kenken 8
T	1)	0.31996200000000385
	2)	0.13131500000000074
	3)	0.1622770000000031
	4)	0.14377100000000098
	5)	0.21032000000001005
	avg)	0.19352900000000375

C	1)	20608
	2)	8512
	3)	10528
	4)	9520
	5)	12544
	avg)	12342.4

A	1)	80
	2)	68
	3)	70
	4)	69
	5)	72
	avg)	71.8
